100
84 446693
116 446693
94 357102
82 352476
114 352476
95 329693
89 322296
121 322296
83 319796
115 319796
85 318631
117 318631
72 290540
104 290540
88 286859
120 286859
80 284306
112 284306
69 255450
101 255450
17 253038
49 253038
73 246184
105 246184
90 243516
122 243516
67 238215
99 238215
79 237024
111 237024
66 225400
98 225400
93 223013
125 223013
78 221218
110 221218
92 216720
124 216720
86 216418
118 216418
65 207576
97 207576
91 202806
123 202806
68 194691
100 194691
27 194057
59 194057
87 190857
119 190857
0 170476
32 170476
81 157864
113 157864
71 155007
103 155007
29 150949
61 150949
21 150058
53 150058
76 144079
108 144079
26 140420
58 140420
7 128732
39 128732
28 126941
60 126941
70 126160
102 126160
64 115459
96 115459
16 109613
48 109613
6 104690
38 104690
23 96782
55 96782
77 95357
109 95357
75 90890
107 90890
22 90753
54 90753
74 87630
106 87630
18 76689
50 76689
24 76348
56 76348
13 68104
45 68104
31 67861
63 67861
1 62329
33 62329
25 57811
57 57811
10 55595
42 55595
19 50580
51 50580
3 45820
35 45820
4 44047
36 44047
12 43348
44 43348
11 24503
43 24503
9 20035
41 20035
14 19706
46 19706
2 18077
34 18077
20 15511
52 15511
8 14234
40 14234
30 13741
62 13741
15 5651
47 5651
5 3476
37 3476
69 416856
101 416856
89 349010
121 349010
68 321380
100 321380
88 309799
120 309799
0 306258
32 306258
67 300050
99 300050
95 295073
66 280204
98 280204
78 273968
110 273968
94 265053
72 262673
104 262673
79 256600
111 256600
73 249291
105 249291
65 244662
97 244662
77 230251
109 230251
82 215779
114 215779
17 211431
49 211431
83 210343
115 210343
10 208389
42 208389
76 202864
108 202864
12 201754
44 201754
71 192883
103 192883
4 188572
36 188572
84 188032
116 188032
93 184928
125 184928
11 176899
43 176899
13 174687
45 174687
70 173124
102 173124
64 170073
96 170073
74 166505
106 166505
22 163983
54 163983
75 161434
107 161434
91 161276
123 161276
80 157895
112 157895
90 151600
122 151600
85 148969
117 148969
92 137194
124 137194
23 134301
55 134301
1 130311
33 130311
86 114518
118 114518
87 112347
119 112347
6 106876
38 106876
7 102631
39 102631
9 99464
41 99464
81 95296
113 95296
3 80417
35 80417
16 79977
48 79977
8 71349
40 71349
28 68680
60 68680
18 55421
50 55421
14 50879
46 50879
2 48824
34 48824
21 47737
53 47737
27 42335
59 42335
29 35994
61 35994
26 24607
58 24607
19 20971
51 20971
15 16902
47 16902
5 16807
37 16807
31 9728
63 9728
24 7061
56 7061
25 5909
57 5909
30 5888
62 5888
20 4929
52 4929
82 462562
114 462562
67 321552
99 321552
84 320402
116 320402
83 310132
115 310132
95 300535
86 298714
118 298714
88 288705
120 288705
89 277012
121 277012
85 270826
117 270826
78 268543
110 268543
94 267897
80 258395
112 258395
91 245325
123 245325
79 239083
111 239083
73 238408
105 238408
72 237772
104 237772
69 231180
101 231180
90 231109
122 231109
81 231079
113 231079
66 226453
98 226453
23 222975
55 222975
71 216317
103 216317
74 210047
106 210047
68 208028
100 208028
87 193078
119 193078
92 166288
124 166288
27 166041
59 166041
93 158937
125 158937
29 156625
61 156625
75 148346
107 148346
65 143755
97 143755
76 139425
108 139425
64 137473
96 137473
19 137426
51 137426
77 135588
109 135588
6 131689
38 131689
26 128695
58 128695
28 119466
60 119466
70 116959
102 116959
22 116744
54 116744
1 109409
33 109409
17 95121
49 95121
16 87525
48 87525
0 87216
32 87216
31 74936
63 74936
30 69618
62 69618
20 63730
52 63730
11 61686
43 61686
7 60958
39 60958
12 56315
44 56315
10 56011
42 56011
25 55512
57 55512
5 48337
37 48337
21 46200
53 46200
18 41730
50 41730
13 39462
45 39462
2 29172
34 29172
8 26242
40 26242
14 22503
46 22503
15 20937
47 20937
24 20497
56 20497
9 20406
41 20406
4 19868
36 19868
3 6924
35 6924
8 413366
40 413366
77 390883
109 390883
25 286761
57 286761
73 285741
105 285741
64 282473
96 282473
12 267592
44 267592
2 263398
34 263398
68 262901
100 262901
76 261227
108 261227
74 256797
106 256797
81 250130
113 250130
4 239379
36 239379
5 239119
37 239119
75 234227
107 234227
3 229542
35 229542
88 221764
120 221764
70 213540
102 213540
92 209112
124 209112
30 206827
62 206827
87 203734
119 203734
69 200133
101 200133
71 195463
103 195463
80 195294
112 195294
86 194261
118 194261
31 188845
63 188845
78 188157
110 188157
66 183973
98 183973
65 180464
97 180464
79 174189
111 174189
72 170929
104 170929
9 170874
41 170874
67 168217
99 168217
85 162796
117 162796
91 155646
123 155646
1 152149
33 152149
95 149713
90 144106
122 144106
94 130533
93 129372
125 129372
14 118824
46 118824
82 108310
114 108310
83 102989
115 102989
89 102609
121 102609
24 98233
56 98233
20 95225
52 95225
15 92884
47 92884
84 90255
116 90255
11 89457
43 89457
0 81155
32 81155
26 75903
58 75903
10 72509
42 72509
29 60399
61 60399
6 54891
38 54891
27 31945
59 31945
19 31940
51 31940
13 24302
45 24302
21 21713
53 21713
18 20964
50 20964
23 20285
55 20285
7 18066
39 18066
16 14548
48 14548
17 7250
49 7250
22 5861
54 5861
28 5757
60 5757
73 423483
105 423483
77 311107
109 311107
78 296058
110 296058
79 293953
111 293953
68 289222
100 289222
67 288308
99 288308
72 287965
104 287965
12 281422
44 281422
85 280818
117 280818
64 275708
96 275708
66 250573
98 250573
75 249009
107 249009
65 240537
97 240537
95 237170
69 232076
101 232076
88 229791
120 229791
74 229139
106 229139
71 228380
103 228380
92 224365
124 224365
84 214166
116 214166
82 212210
114 212210
83 207382
115 207382
6 207121
38 207121
94 198850
70 189358
102 189358
29 188707
61 188707
91 176293
123 176293
76 174302
108 174302
8 172729
40 172729
7 161957
39 161957
0 161307
32 161307
81 160961
113 160961
89 153889
121 153889
1 149470
33 149470
86 148761
118 148761
26 146221
58 146221
90 143265
122 143265
93 128879
125 128879
27 128036
59 128036
87 124349
119 124349
13 122693
45 122693
80 99601
112 99601
10 97906
42 97906
5 95098
37 95098
11 85730
43 85730
15 78296
47 78296
16 72023
48 72023
28 66754
60 66754
2 57764
34 57764
14 57118
46 57118
4 54080
36 54080
30 53025
62 53025
23 48905
55 48905
25 44449
57 44449
31 31474
63 31474
17 30328
49 30328
22 21344
54 21344
19 18448
51 18448
20 18266
52 18266
9 13375
41 13375
3 11708
35 11708
21 11514
53 11514
18 7452
50 7452
24 5253
56 5253
78 533856
110 533856
68 345024
100 345024
79 337463
111 337463
74 329182
106 329182
72 324734
104 324734
73 319437
105 319437
67 308869
99 308869
83 304819
115 304819
82 303432
114 303432
95 298551
85 296356
117 296356
66 295662
98 295662
70 279131
102 279131
91 253090
123 253090
71 251844
103 251844
69 247903
101 247903
84 245069
116 245069
64 242944
96 242944
11 227524
43 227524
77 223783
109 223783
88 222487
120 222487
76 217719
108 217719
75 209099
107 209099
86 207912
118 207912
89 204833
121 204833
94 179783
1 166195
33 166195
65 160836
97 160836
92 150233
124 150233
81 148308
113 148308
26 135990
58 135990
93 130035
125 130035
7 128320
39 128320
15 127999
47 127999
87 124936
119 124936
80 121268
112 121268
0 119739
32 119739
29 102801
61 102801
6 101631
38 101631
10 96885
42 96885
28 90405
60 90405
90 81323
122 81323
13 77101
45 77101
2 69287
34 69287
23 57676
55 57676
12 53505
44 53505
3 52317
35 52317
8 49673
40 49673
5 46263
37 46263
27 43344
59 43344
16 42211
48 42211
9 40621
41 40621
25 35400
57 35400
22 35254
54 35254
30 29231
62 29231
17 17359
49 17359
24 14744
56 14744
20 9804
52 9804
19 9535
51 9535
18 5841
50 5841
14 4637
46 4637
4 4523
36 4523
21 2740
53 2740
31 1425
63 1425
65 403010
97 403010
4 365986
36 365986
71 301556
103 301556
70 291282
102 291282
64 286401
96 286401
93 282423
125 282423
76 270690
108 270690
14 262329
46 262329
80 261988
112 261988
69 258236
101 258236
74 246597
106 246597
21 245681
53 245681
91 245072
123 245072
75 237360
107 237360
92 233959
124 233959
8 230929
40 230929
90 229447
122 229447
0 218759
32 218759
15 209619
47 209619
77 207434
109 207434
84 206550
116 206550
86 204540
118 204540
87 197264
119 197264
18 193239
50 193239
9 189345
41 189345
67 185411
99 185411
72 183306
104 183306
81 169262
113 169262
66 160911
98 160911
89 158649
121 158649
19 158549
51 158549
78 154284
110 154284
5 153855
37 153855
73 152906
105 152906
68 150333
100 150333
79 144792
111 144792
83 129576
115 129576
2 125187
34 125187
82 122493
114 122493
94 113926
3 113280
35 113280
88 112766
120 112766
13 111853
45 111853
95 105673
7 96607
39 96607
85 91838
117 91838
20 90859
52 90859
12 85003
44 85003
24 80174
56 80174
10 68073
42 68073
22 64787
54 64787
6 61543
38 61543
17 55601
49 55601
31 54120
63 54120
25 45810
57 45810
23 24883
55 24883
30 24136
62 24136
11 15499
43 15499
1 14707
33 14707
27 11522
59 11522
28 9852
60 9852
29 7770
61 7770
16 5309
48 5309
26 5100
58 5100
84 426246
116 426246
82 358477
114 358477
86 336034
118 336034
85 333786
117 333786
80 303456
112 303456
94 300379
83 298125
115 298125
89 297003
121 297003
92 292225
124 292225
93 289445
125 289445
88 289222
120 289222
95 278209
87 271905
119 271905
17 243109
49 243109
69 240332
101 240332
79 237734
111 237734
90 232047
122 232047
81 231176
113 231176
66 226704
98 226704
72 226619
104 226619
78 224593
110 224593
73 220985
105 220985
67 208056
99 208056
68 205048
100 205048
91 199620
123 199620
65 197088
97 197088
71 183415
103 183415
70 181122
102 181122
76 179964
108 179964
75 174159
107 174159
74 165353
106 165353
0 163158
32 163158
27 150610
59 150610
21 150184
53 150184
64 145933
96 145933
77 145461
109 145461
29 140872
61 140872
26 127227
58 127227
7 115860
39 115860
28 115437
60 115437
6 107916
38 107916
16 89397
48 89397
24 74678
56 74678
23 64549
55 64549
25 53490
57 53490
1 51618
33 51618
13 44617
45 44617
18 44282
50 44282
3 42480
35 42480
22 39699
54 39699
19 39448
51 39448
4 34796
36 34796
31 24078
63 24078
12 17743
44 17743
2 17678
34 17678
10 15043
42 15043
11 9085
43 9085
30 4982
62 4982
14 4239
46 4239
20 4178
52 4178
8 2907
40 2907
9 2455
15 2455
41 2455
47 2455
5 1710
37 1710
79 435357
111 435357
75 329606
107 329606
10 325847
42 325847
72 299759
104 299759
83 275950
115 275950
78 275782
110 275782
66 273055
98 273055
73 269064
105 269064
89 265881
121 265881
84 235322
116 235322
69 233911
101 233911
94 231594
70 226299
102 226299
85 224879
117 224879
0 223794
32 223794
82 218652
114 218652
67 214681
99 214681
93 213702
125 213702
6 213202
38 213202
68 213155
100 213155
27 212336
59 212336
76 210582
108 210582
90 207418
122 207418
88 205776
120 205776
14 193664
46 193664
65 191836
97 191836
71 190732
103 190732
1 179645
33 179645
74 177698
106 177698
77 168666
109 168666
7 166317
39 166317
87 164316
119 164316
28 163228
60 163228
64 160947
96 160947
92 149650
124 149650
95 147490
80 140725
112 140725
29 137680
61 137680
11 137659
43 137659
81 128629
113 128629
12 113129
44 113129
91 111401
123 111401
86 107416
118 107416
3 96778
35 96778
13 96757
45 96757
2 83784
34 83784
26 78572
58 78572
9 77884
41 77884
22 70683
54 70683
24 55778
56 55778
4 55580
36 55580
8 53864
40 53864
17 49077
49 49077
23 48429
55 48429
31 47380
63 47380
16 27555
48 27555
25 21928
57 21928
15 16564
47 16564
5 14862
37 14862
21 10349
53 10349
19 8721
51 8721
18 7513
50 7513
20 7365
52 7365
30 4046
62 4046
82 494776
114 494776
88 348816
120 348816
85 333248
117 333248
78 331567
110 331567
79 326678
111 326678
83 319918
115 319918
67 318154
99 318154
84 311539
116 311539
73 305662
105 305662
94 295034
86 277357
118 277357
68 271425
100 271425
72 264322
104 264322
89 258806
121 258806
23 246813
55 246813
95 245688
90 230621
122 230621
71 227956
103 227956
92 221154
124 221154
81 215391
113 215391
69 208488
101 208488
66 207336
98 207336
74 185050
106 185050
29 181478
61 181478
80 178644
112 178644
64 173716
96 173716
6 162327
38 162327
91 158412
123 158412
19 154915
51 154915
75 146444
107 146444
87 146366
119 146366
27 139785
59 139785
28 137240
60 137240
77 132815
109 132815
26 130511
58 130511
93 130422
125 130422
1 122537
33 122537
65 120569
97 120569
76 113435
108 113435
0 104987
32 104987
22 102449
54 102449
70 100115
102 100115
30 85540
62 85540
17 81600
49 81600
16 67880
48 67880
20 64984
52 64984
11 63955
43 63955
25 56580
57 56580
7 53023
39 53023
31 49882
63 49882
21 48592
53 48592
5 44097
37 44097
12 37398
44 37398
2 35375
34 35375
10 24247
42 24247
8 18461
40 18461
4 16871
36 16871
15 15410
47 15410
13 14506
45 14506
18 11629
50 11629
24 11275
56 11275
14 9016
46 9016
9 4021
41 4021
3 2593
35 2593
0 427346
32 427346
28 326524
60 326524
11 326430
43 326430
7 321153
39 321153
6 319753
38 319753
1 316224
33 316224
13 309433
45 309433
29 300455
61 300455
26 297146
58 297146
10 276867
42 276867
69 270625
101 270625
17 248207
49 248207
27 246165
59 246165
4 245838
36 245838
2 241118
34 241118
12 237607
44 237607
9 230340
41 230340
21 230188
53 230188
15 229784
47 229784
8 225270
40 225270
24 214887
56 214887
3 208576
35 208576
23 202128
55 202128
84 195748
116 195748
22 191651
54 191651
5 191568
37 191568
79 176522
111 176522
14 173689
46 173689
65 172593
97 172593
16 171596
48 171596
73 159853
105 159853
31 158487
63 158487
78 155947
110 155947
30 152020
62 152020
72 151088
104 151088
83 146626
115 146626
25 136765
57 136765
18 131809
50 131809
82 125406
114 125406
19 114554
51 114554
68 104339
100 104339
20 96347
52 96347
76 92439
108 92439
67 77861
99 77861
66 68845
98 68845
85 67284
117 67284
70 65691
102 65691
89 54863
121 54863
87 51132
119 51132
77 50441
109 50441
80 43374
112 43374
71 42859
103 42859
75 33885
107 33885
86 19750
118 19750
94 19331
88 11745
120 11745
74 9887
106 9887
95 9045
64 6589
96 6589
90 5769
122 5769
93 4437
125 4437
81 3856
113 3856
91 1073
92 1073
123 1073
124 1073
88 501524
120 501524
94 363019
95 360943
82 359715
114 359715
85 349646
117 349646
89 348320
121 348320
68 335045
100 335045
83 324609
115 324609
92 312010
124 312010
73 295017
105 295017
67 279304
99 279304
84 278273
116 278273
69 275650
101 275650
66 257087
98 257087
78 254853
110 254853
81 249432
113 249432
86 235927
118 235927
91 232333
123 232333
79 227880
111 227880
90 227397
122 227397
77 217877
109 217877
80 202943
112 202943
87 198814
119 198814
64 189540
96 189540
29 187608
61 187608
93 187515
125 187515
72 180975
104 180975
74 153559
106 153559
71 143875
103 143875
23 140179
55 140179
12 133364
44 133364
17 127649
49 127649
70 127316
102 127316
75 126423
107 126423
25 121312
57 121312
22 114921
54 114921
65 114007
97 114007
16 109175
48 109175
11 108324
43 108324
10 89824
42 89824
76 89092
108 89092
28 86551
60 86551
26 64450
58 64450
27 63043
59 63043
20 59995
52 59995
13 58858
45 58858
30 57585
62 57585
21 48573
53 48573
19 41123
51 41123
31 38567
63 38567
15 37490
47 37490
1 37257
33 37257
8 29966
40 29966
24 23124
56 23124
6 20920
38 20920
0 19945
32 19945
14 15488
46 15488
18 14054
50 14054
2 12925
34 12925
7 9480
39 9480
5 8930
37 8930
4 8894
36 8894
3 5287
35 5287
9 5120
41 5120
26 440543
58 440543
95 351513
27 317664
59 317664
29 294919
61 294919
6 287842
38 287842
30 277590
62 277590
28 273965
60 273965
23 273882
55 273882
7 248617
39 248617
0 247415
32 247415
85 246845
117 246845
16 245887
48 245887
78 245531
110 245531
1 243101
33 243101
11 243095
43 243095
17 228932
49 228932
22 228767
54 228767
19 222860
51 222860
91 215581
123 215581
83 215445
115 215445
84 203874
116 203874
18 198516
50 198516
12 197213
44 197213
10 196789
42 196789
73 191265
105 191265
15 190850
47 190850
82 183600
114 183600
25 175465
57 175465
24 173194
56 173194
20 170523
52 170523
2 165964
34 165964
31 162475
63 162475
21 159195
53 159195
72 158399
104 158399
8 152983
40 152983
13 150058
45 150058
94 141012
14 113243
46 113243
89 110714
121 110714
86 109625
118 109625
3 109110
35 109110
9 108086
41 108086
5 105522
37 105522
88 100437
120 100437
4 95668
36 95668
92 92429
124 92429
79 88885
111 88885
87 74821
119 74821
67 71089
99 71089
77 64787
109 64787
93 58365
125 58365
81 57891
113 57891
74 55527
106 55527
68 39077
100 39077
66 30767
98 30767
76 24809
108 24809
69 15051
101 15051
80 13271
112 13271
90 10529
122 10529
64 8615
96 8615
71 7397
103 7397
75 5309
107 5309
70 4863
102 4863
65 2645
97 2645
0 394913
32 394913
6 325576
38 325576
7 309505
39 309505
69 309032
101 309032
4 292676
36 292676
1 277436
33 277436
2 259249
34 259249
26 258112
58 258112
8 248705
40 248705
11 242480
43 242480
79 241322
111 241322
28 241087
60 241087
29 240791
61 240791
15 236053
47 236053
10 225107
42 225107
27 223170
59 223170
14 221826
46 221826
12 221193
44 221193
21 216216
53 216216
18 211508
50 211508
13 210899
45 210899
22 209100
54 209100
3 204859
35 204859
9 200056
41 200056
84 193924
116 193924
17 192612
49 192612
73 182212
105 182212
5 178777
37 178777
78 175922
110 175922
65 174834
97 174834
19 173160
51 173160
16 166898
48 166898
23 157846
55 157846
83 156496
115 156496
72 150099
104 150099
24 148634
56 148634
20 139706
52 139706
68 137212
100 137212
25 129366
57 129366
30 126957
62 126957
82 126156
114 126156
31 115457
63 115457
67 113449
99 113449
66 98557
98 98557
76 95412
108 95412
70 85197
102 85197
89 80200
121 80200
75 74507
107 74507
85 69108
117 69108
77 68683
109 68683
94 64271
71 55508
103 55508
87 51058
119 51058
88 47978
120 47978
80 43744
112 43744
95 23175
86 19824
118 19824
93 14403
125 14403
90 14032
122 14032
74 10100
106 10100
64 8973
96 8973
92 7797
124 7797
81 3856
113 3856
91 2930
123 2930
66 474776
98 474776
68 352126
100 352126
69 339419
101 339419
67 323825
99 323825
72 320111
104 320111
94 308948
78 308348
110 308348
83 302905
115 302905
79 299968
111 299968
95 290669
89 287846
121 287846
84 263590
116 263590
70 257420
102 257420
88 255193
120 255193
73 246309
105 246309
7 230461
39 230461
85 229169
117 229169
82 212244
114 212244
74 197430
106 197430
13 196151
45 196151
76 192788
108 192788
65 189107
97 189107
64 186734
96 186734
75 180964
107 180964
22 180279
54 180279
87 173147
119 173147
11 172781
43 172781
12 164248
44 164248
17 164219
49 164219
90 157341
122 157341
71 155536
103 155536
10 152688
42 152688
3 142823
35 142823
80 139444
112 139444
0 136325
32 136325
93 129877
125 129877
77 119513
109 119513
81 109821
113 109821
6 109610
38 109610
16 109561
48 109561
92 109133
124 109133
4 102817
36 102817
91 101101
123 101101
1 99906
33 99906
23 85253
55 85253
86 85125
118 85125
14 72463
46 72463
9 66271
41 66271
15 51373
47 51373
27 51349
59 51349
21 48903
53 48903
28 46973
60 46973
18 45677
50 45677
5 38215
37 38215
26 29267
58 29267
8 21365
40 21365
2 18589
34 18589
29 15651
61 15651
20 15409
52 15409
19 8271
51 8271
24 7875
56 7875
31 7693
63 7693
30 4863
62 4863
25 2645
57 2645
82 443575
114 443575
84 335564
116 335564
88 331941
120 331941
83 324720
115 324720
85 307900
117 307900
23 302868
55 302868
78 302668
110 302668
95 295332
94 290466
67 271556
99 271556
89 267381
121 267381
79 264036
111 264036
86 261857
118 261857
73 257032
105 257032
69 239660
101 239660
68 237800
100 237800
72 228983
104 228983
6 221166
38 221166
90 219748
122 219748
92 214208
124 214208
19 202210
51 202210
80 201820
112 201820
91 196378
123 196378
29 195798
61 195798
66 193250
98 193250
81 188850
113 188850
27 188433
59 188433
71 186786
103 186786
28 170651
60 170651
87 166173
119 166173
1 163633
33 163633
26 161657
58 161657
74 149178
106 149178
0 143217
32 143217
93 140019
125 140019
77 126431
109 126431
65 125249
97 125249
64 122622
96 122622
22 109630
54 109630
75 105831
107 105831
76 105296
108 105296
70 97618
102 97618
30 95611
62 95611
17 82405
49 82405
7 77382
39 77382
20 73825
52 73825
16 70494
48 70494
31 66593
63 66593
5 60112
37 60112
21 54083
53 54083
11 50520
43 50520
2 49087
34 49087
25 40523
57 40523
4 22908
36 22908
24 14812
56 14812
18 14804
50 14804
10 13484
42 13484
12 11864
44 11864
8 11736
40 11736
14 7916
46 7916
13 6722
45 6722
15 6570
47 6570
9 5118
41 5118
3 4141
35 4141
73 443960
105 443960
67 337927
99 337927
79 326530
111 326530
78 324738
110 324738
72 309118
104 309118
12 298999
44 298999
85 277290
117 277290
82 275310
114 275310
77 267349
109 267349
84 255472
116 255472
88 249268
120 249268
68 245640
100 245640
95 238424
74 232440
106 232440
71 231161
103 231161
75 230202
107 230202
66 229146
98 229146
83 226508
115 226508
69 221595
101 221595
64 217963
96 217963
65 205992
97 205992
94 204878
92 203848
124 203848
29 199181
61 199181
0 193923
32 193923
8 188052
40 188052
6 184789
38 184789
89 178085
121 178085
81 174262
113 174262
76 173849
108 173849
91 173845
123 173845
7 157424
39 157424
26 152064
58 152064
70 151699
102 151699
1 149806
33 149806
86 147764
118 147764
27 128635
59 128635
90 118603
122 118603
13 118104
45 118104
80 109935
112 109935
93 108640
125 108640
87 108487
119 108487
10 92257
42 92257
5 87525
37 87525
4 77195
36 77195
11 72304
43 72304
28 71842
60 71842
15 68495
47 68495
30 64191
62 64191
16 56827
48 56827
14 49795
46 49795
25 44435
57 44435
17 36458
49 36458
2 36423
34 36423
23 33016
55 33016
31 25108
63 25108
22 24295
54 24295
9 20230
41 20230
18 14141
50 14141
21 13514
53 13514
19 12511
51 12511
3 12453
35 12453
20 10226
52 10226
24 5755
56 5755
78 430579
110 430579
73 355517
105 355517
72 350633
104 350633
79 342241
111 342241
82 321568
114 321568
85 306592
117 306592
84 293185
116 293185
83 289359
115 289359
67 283965
99 283965
11 268623
43 268623
66 262162
98 262162
74 261691
106 261691
95 250934
68 248954
100 248954
88 246497
120 246497
94 225946
1 209022
33 209022
71 198713
103 198713
89 194662
121 194662
76 191272
108 191272
70 190211
102 190211
69 189070
101 189070
75 181327
107 181327
7 181295
39 181295
26 175991
58 175991
64 175539
96 175539
77 175214
109 175214
86 165930
118 165930
91 164655
123 164655
0 163134
32 163134
92 162118
124 162118
15 153423
47 153423
29 148610
61 148610
6 147559
38 147559
81 145648
113 145648
10 132533
42 132533
65 129106
97 129106
87 123483
119 123483
80 118925
112 118925
90 118710
122 118710
28 116980
60 116980
93 105522
125 105522
13 104423
45 104423
12 104126
44 104126
2 82059
34 82059
8 80798
40 80798
27 77851
59 77851
3 69780
35 69780
23 64532
55 64532
5 62050
37 62050
16 54120
48 54120
9 47651
41 47651
25 46885
57 46885
22 46584
54 46584
30 40264
62 40264
17 24136
49 24136
14 22874
46 22874
24 19419
56 19419
4 15047
36 15047
20 10930
52 10930
19 9852
51 9852
18 7770
50 7770
31 6478
63 6478
21 5174
53 5174
71 441144
103 441144
2 352150
34 352150
65 338857
97 338857
64 313962
96 313962
70 311705
102 311705
91 310160
123 310160
90 306960
122 306960
92 297313
124 297313
77 279920
109 279920
93 277880
125 277880
8 245495
40 245495
14 227203
46 227203
76 226224
108 226224
67 223721
99 223721
19 223366
51 223366
86 218586
118 218586
75 217240
107 217240
73 212409
105 212409
74 211822
106 211822
6 206628
38 206628
9 193429
41 193429
79 190503
111 190503
15 186605
47 186605
82 184714
114 184714
69 178972
101 178972
20 171529
52 171529
81 167488
113 167488
87 163997
119 163997
72 160349
104 160349
78 159850
110 159850
80 159014
112 159014
3 155627
35 155627
68 147509
100 147509
95 146193
21 143817
53 143817
84 131672
116 131672
4 129626
36 129626
85 126391
117 126391
66 125256
98 125256
5 111850
37 111850
11 111198
43 111198
94 100633
88 94105
120 94105
83 93238
115 93238
10 88205
42 88205
30 88040
62 88040
1 84909
33 84909
89 82147
121 82147
18 81480
50 81480
12 66747
44 66747
25 64460
57 64460
0 58438
32 58438
16 58212
48 58212
31 57324
63 57324
23 49383
55 49383
24 36300
56 36300
17 22906
49 22906
7 19123
39 19123
13 17030
45 17030
29 14712
61 14712
26 11802
58 11802
27 9794
59 9794
28 8438
60 8438
22 4141
54 4141
0 421892
32 421892
6 364598
38 364598
28 350185
60 350185
7 342176
39 342176
1 308767
33 308767
10 306966
42 306966
26 306312
58 306312
29 303908
61 303908
11 295396
43 295396
27 286760
59 286760
17 278597
49 278597
13 265289
45 265289
2 264865
34 264865
23 250973
55 250973
4 232083
36 232083
3 226953
35 226953
24 225366
56 225366
22 224440
54 224440
69 207216
101 207216
21 206418
53 206418
9 195317
41 195317
12 194111
44 194111
16 192302
48 192302
15 189294
47 189294
14 188743
46 188743
31 176778
63 176778
79 175245
111 175245
5 170472
37 170472
8 162647
40 162647
30 153055
62 153055
84 147416
116 147416
25 147317
57 147317
78 137755
110 137755
18 136734
50 136734
73 134864
105 134864
19 128221
51 128221
72 128015
104 128015
83 126524
115 126524
65 122346
97 122346
20 102989
52 102989
66 102087
98 102087
68 100379
100 100379
82 90235
114 90235
67 87865
99 87865
70 78504
102 78504
76 75250
108 75250
75 67019
107 67019
85 63977
117 63977
89 60026
121 60026
94 52462
77 49006
109 49006
87 45219
119 45219
80 41779
112 41779
88 36823
120 36823
71 35972
103 35972
86 20601
118 20601
74 19955
106 19955
95 19847
92 16709
124 16709
93 15918
125 15918
90 13820
122 13820
64 13052
96 13052
81 11241
113 11241
91 2850
123 2850
84 509723
116 509723
88 381865
120 381865
82 370348
114 370348
94 336042
85 335073
117 335073
72 333361
104 333361
73 326115
105 326115
83 324073
115 324073
89 306599
121 306599
95 284894
80 282076
112 282076
78 279948
110 279948
92 270790
124 270790
79 268597
111 268597
69 266584
101 266584
17 243115
49 243115
66 239986
98 239986
68 214260
100 214260
67 212774
99 212774
90 203742
122 203742
86 199839
118 199839
93 191601
125 191601
65 181461
97 181461
0 171159
32 171159
91 169080
123 169080
29 162080
61 162080
27 158073
59 158073
87 152155
119 152155
21 148974
53 148974
81 141276
113 141276
76 140547
108 140547
70 139023
102 139023
26 135902
58 135902
7 130427
39 130427
28 128760
60 128760
64 117585
96 117585
71 113726
103 113726
6 108937
38 108937
74 108739
106 108739
16 105858
48 105858
75 100882
107 100882
77 97160
109 97160
23 84107
55 84107
22 76347
54 76347
1 75510
33 75510
24 72197
56 72197
25 59557
57 59557
18 59519
50 59519
13 52367
45 52367
3 45993
35 45993
19 40565
51 40565
4 37587
36 37587
31 33371
63 33371
12 32743
44 32743
10 31727
42 31727
11 23219
43 23219
2 19192
34 19192
20 14162
52 14162
30 11943
62 11943
5 11738
37 11738
8 8861
40 8861
15 5587
47 5587
14 5296
46 5296
9 5104
41 5104
72 456451
104 456451
78 374012
110 374012
84 342996
116 342996
79 342616
111 342616
73 336489
105 336489
85 326334
117 326334
83 313982
115 313982
82 301765
114 301765
66 287037
98 287037
89 266802
121 266802
13 266302
45 266302
67 261165
99 261165
76 253483
108 253483
69 251088
101 251088
95 235541
68 229606
100 229606
94 219776
74 215384
106 215384
93 207474
125 207474
75 205230
107 205230
80 187361
112 187361
70 187117
102 187117
28 184868
60 184868
7 183007
39 183007
65 180588
97 180588
64 178930
96 178930
77 173235
109 173235
88 171405
120 171405
71 165450
103 165450
1 164118
33 164118
9 163579
41 163579
87 155788
119 155788
6 152161
38 152161
86 149255
118 149255
27 142273
59 142273
90 142201
122 142201
91 140766
123 140766
81 139594
113 139594
0 138037
32 138037
26 119569
58 119569
12 105963
44 105963
92 101004
124 101004
11 82803
43 82803
4 82475
36 82475
10 72689
42 72689
14 66869
46 66869
29 66350
61 66350
5 58217
37 58217
17 52918
49 52918
31 48698
63 48698
15 43869
47 43869
24 41519
56 41519
3 41067
35 41067
22 28047
54 28047
16 23880
48 23880
30 18846
62 18846
23 12143
55 12143
2 9947
34 9947
8 8361
40 8361
18 6242
50 6242
21 4963
53 4963
20 3885
52 3885
25 3761
57 3761
19 2550
51 2550
69 396676
101 396676
65 330296
97 330296
67 308178
99 308178
0 307579
32 307579
68 284825
100 284825
71 283647
103 283647
66 277849
98 277849
73 264460
105 264460
84 256456
116 256456
79 251435
111 251435
77 251274
109 251274
70 249866
102 249866
94 237748
72 231913
104 231913
95 230951
89 230652
121 230652
76 229386
108 229386
88 223861
120 223861
17 215094
49 215094
12 210950
44 210950
92 209057
124 209057
64 207108
96 207108
78 206649
110 206649
80 201409
112 201409
93 195290
125 195290
10 192437
42 192437
4 191348
36 191348
75 188536
107 188536
90 186190
122 186190
82 177476
114 177476
11 174393
43 174393
13 168807
45 168807
91 165133
123 165133
22 163293
54 163293
85 160074
117 160074
74 155523
106 155523
23 143557
55 143557
86 139502
118 139502
83 133129
115 133129
1 130114
33 130114
81 120464
113 120464
87 114916
119 114916
6 93723
38 93723
9 92500
41 92500
16 87628
48 87628
8 81764
40 81764
7 81257
39 81257
3 67824
35 67824
18 56756
50 56756
28 51852
60 51852
2 48874
34 48874
21 47253
53 47253
29 32442
61 32442
14 31232
46 31232
19 24288
51 24288
5 24272
37 24272
27 21909
59 21909
26 19281
58 19281
15 15634
47 15634
30 7154
62 7154
20 5975
52 5975
25 5787
57 5787
31 4562
63 4562
24 433
56 433
0 438028
32 438028
69 337860
101 337860
7 330304
39 330304
28 319211
60 319211
1 293011
33 293011
6 292615
38 292615
29 285574
61 285574
26 281867
58 281867
27 272292
59 272292
4 261462
36 261462
17 255196
49 255196
11 248661
43 248661
79 243164
111 243164
10 242251
42 242251
22 238677
54 238677
84 229998
116 229998
21 228108
53 228108
13 222426
45 222426
65 203552
97 203552
12 202191
44 202191
78 192920
110 192920
73 191810
105 191810
3 190861
35 190861
8 186008
40 186008
18 182657
50 182657
83 177856
115 177856
14 177334
46 177334
9 176108
41 176108
23 175643
55 175643
15 172259
47 172259
16 170336
48 170336
72 167238
104 167238
2 165378
34 165378
24 161039
56 161039
82 149804
114 149804
68 134632
100 134632
19 127063
51 127063
5 125741
37 125741
25 122547
57 122547
31 121699
63 121699
20 119310
52 119310
30 114074
62 114074
76 107056
108 107056
67 103138
99 103138
70 85906
102 85906
66 85588
98 85588
85 78166
117 78166
89 72684
121 72684
77 66110
109 66110
87 60498
119 60498
75 59246
107 59246
71 57984
103 57984
80 51312
112 51312
94 40172
88 27548
120 27548
86 23662
118 23662
95 11332
93 9588
125 9588
90 9492
122 9492
74 8484
106 8484
64 4642
96 4642
81 4236
113 4236
92 3912
124 3912
91 380
123 380
78 446454
110 446454
82 359213
114 359213
72 338955
104 338955
73 337973
105 337973
79 335874
111 335874
83 319179
115 319179
67 308730
99 308730
95 301369
84 295630
116 295630
85 293392
117 293392
88 275526
120 275526
89 272609
121 272609
69 268358
101 268358
68 268345
100 268345
66 258669
98 258669
11 238015
43 238015
74 236658
106 236658
91 230565
123 230565
94 210776
71 193430
103 193430
1 191085
33 191085
70 186348
102 186348
76 184326
108 184326
77 181396
109 181396
86 181356
118 181356
75 169649
107 169649
81 169131
113 169131
92 156190
124 156190
64 154384
96 154384
65 150151
97 150151
26 148644
58 148644
80 146123
112 146123
7 144600
39 144600
93 138265
125 138265
0 137924
32 137924
15 133227
47 133227
29 122887
61 122887
6 118137
38 118137
87 116228
119 116228
90 114672
122 114672
10 109198
42 109198
28 96071
60 96071
13 92573
45 92573
12 85003
44 85003
2 73059
34 73059
8 70032
40 70032
23 64003
55 64003
5 62480
37 62480
27 55318
59 55318
16 55215
48 55215
3 54638
35 54638
9 43027
41 43027
22 41241
54 41241
25 39258
57 39258
30 34025
62 34025
17 20417
49 20417
24 14934
56 14934
19 12043
51 12043
20 11733
52 11733
4 9335
36 9335
14 8820
46 8820
18 6819
50 6819
31 3381
63 3381
21 2835
53 2835
79 463491
111 463491
67 333585
99 333585
73 320207
105 320207
78 316944
110 316944
69 308035
101 308035
82 302785
114 302785
83 297996
115 297996
72 287101
104 287101
10 284017
42 284017
66 282382
98 282382
84 271381
116 271381
75 268040
107 268040
71 265240
103 265240
85 257981
117 257981
68 249487
100 249487
94 224018
0 214323
32 214323
65 202657
97 202657
6 196655
38 196655
27 192638
59 192638
70 185501
102 185501
88 181202
120 181202
7 180334
39 180334
14 178603
46 178603
77 172834
109 172834
89 170928
121 170928
1 170653
33 170653
74 169114
106 169114
76 157704
108 157704
28 156032
60 156032
87 155624
119 155624
90 153626
122 153626
95 149545
64 145169
96 145169
11 134202
43 134202
13 128483
45 128483
86 125802
118 125802
80 122206
112 122206
29 119248
61 119248
12 118904
44 118904
81 114818
113 114818
3 100048
35 100048
9 92791
41 92791
92 91093
124 91093
93 90473
125 90473
22 80501
54 80501
26 77840
58 77840
4 75685
36 75685
2 69081
34 69081
91 62962
123 62962
17 61621
49 61621
24 52318
56 52318
8 52304
40 52304
23 45267
55 45267
31 44384
63 44384
16 33597
48 33597
15 28130
47 28130
5 25117
37 25117
21 22851
53 22851
25 18282
57 18282
18 17751
50 17751
19 12969
51 12969
20 9719
52 9719
30 5622
62 5622
73 389811
105 389811
72 323684
104 323684
78 312229
110 312229
68 306833
100 306833
79 305959
111 305959
77 305024
109 305024
85 289407
117 289407
69 274443
101 274443
83 256280
115 256280
67 250425
99 250425
84 248410
116 248410
12 247612
44 247612
82 246225
114 246225
75 243019
107 243019
88 241760
120 241760
76 234677
108 234677
64 230947
96 230947
95 228572
66 227653
98 227653
65 227517
97 227517
74 225586
106 225586
89 224332
121 224332
81 213682
113 213682
92 196769
124 196769
94 194282
71 182982
103 182982
86 178990
118 178990
29 176881
61 176881
6 174289
38 174289
91 171333
123 171333
80 167392
112 167392
70 166961
102 166961
87 163650
119 163650
8 155117
40 155117
1 154507
33 154507
0 152739
32 152739
7 149701
39 149701
93 139662
125 139662
26 138675
58 138675
90 131429
122 131429
27 110353
59 110353
13 108077
45 108077
5 91531
37 91531
11 90672
43 90672
10 87483
42 87483
15 71971
47 71971
28 65147
60 65147
16 64324
48 64324
30 46055
62 46055
2 45989
34 45989
4 45391
36 45391
25 40021
57 40021
14 39373
46 39373
23 36688
55 36688
17 20040
49 20040
22 17940
54 17940
31 16911
63 16911
3 13849
35 13849
9 11163
41 11163
19 9836
51 9836
20 8800
52 8800
24 4549
56 4549
18 2146
21 2146
50 2146
53 2146
83 414318
115 414318
22 377458
54 377458
85 297905
117 297905
82 281916
114 281916
84 274277
116 274277
28 274139
60 274139
66 273509
98 273509
7 267518
39 267518
89 257508
121 257508
78 256525
110 256525
79 256325
111 256325
72 252878
104 252878
18 232255
50 232255
87 228188
119 228188
88 223770
120 223770
29 221111
61 221111
26 219552
58 219552
73 216121
105 216121
68 214580
100 214580
70 210513
102 210513
94 210440
69 209361
101 209361
95 206991
0 206665
32 206665
81 198505
113 198505
27 194956
59 194956
80 193857
112 193857
90 172557
122 172557
1 170676
33 170676
91 162787
123 162787
23 150173
55 150173
75 147590
107 147590
67 147064
99 147064
76 144117
108 144117
93 136495
125 136495
86 132496
118 132496
77 131317
109 131317
64 130395
96 130395
31 128959
63 128959
16 115737
48 115737
74 113533
106 113533
65 112185
97 112185
17 102840
49 102840
92 100942
124 100942
21 100757
53 100757
6 94833
38 94833
71 90971
103 90971
10 86773
42 86773
4 77014
36 77014
30 76239
62 76239
24 71914
56 71914
3 65553
35 65553
20 64029
52 64029
13 44374
45 44374
5 33440
37 33440
11 27998
43 27998
14 22364
46 22364
25 17336
57 17336
12 13497
44 13497
2 12465
34 12465
9 11206
41 11206
15 8165
47 8165
19 6807
51 6807
8 3162
40 3162
69 428943
101 428943
67 364855
99 364855
68 352428
100 352428
66 325028
98 325028
79 312156
111 312156
65 289280
97 289280
72 271931
104 271931
89 266293
121 266293
73 265942
105 265942
83 263952
115 263952
94 262156
78 256639
110 256639
82 255441
114 255441
88 246781
120 246781
71 245139
103 245139
0 236654
32 236654
84 234972
116 234972
95 233942
85 226821
117 226821
75 221969
107 221969
77 218257
109 218257
76 205292
108 205292
64 199703
96 199703
80 198128
112 198128
70 195446
102 195446
86 188263
118 188263
10 170340
42 170340
87 168214
119 168214
17 166583
49 166583
74 164611
106 164611
12 164600
44 164600
93 144224
125 144224
4 143862
36 143862
11 142732
43 142732
81 141587
113 141587
22 132501
54 132501
13 131610
45 131610
90 123761
122 123761
91 115513
123 115513
92 112258
124 112258
23 105138
55 105138
1 102080
33 102080
7 87664
39 87664
6 86291
38 86291
9 73930
41 73930
16 70062
48 70062
3 68505
35 68505
8 68375
40 68375
14 50778
46 50778
18 50296
50 50296
28 49754
60 49754
21 45058
53 45058
29 40653
61 40653
2 38596
34 38596
27 38023
59 38023
19 23588
51 23588
26 20848
58 20848
15 20449
47 20449
25 18516
57 18516
5 16375
37 16375
20 10548
52 10548
31 9780
63 9780
24 9385
56 9385
30 6402
62 6402

69 428943
